Sku,PriceRetail,OriginalPrice,YearCollection
514601401,3277.00,3277.00,2003
514601402,3277.00,3277.00,2003
514601403,3277.00,3277.00,2003
514601404,3277.00,3277.00,2003
514601405,3277.00,3277.00,2003
514601406,3277.00,3277.00,2003
514601407,3277.00,3277.00,2003
514601408,3277.00,3277.00,2003
514601407,3277.00,3277.00,2003
514601401,3277.00,3277.00,2003
514601402,3277.00,3277.00,2003
514601403,3277.00,3277.00,2003
514601404,3277.00,3277.00,2003
514601405,3277.00,3277.00,2003
514601406,3277.00,3277.00,2003
514601407,3277.00,3277.00,2003
514601408,3277.00,3277.00,2003
514601401,3277.00,3277.00,2003
514601402,3277.00,3277.00,2003
514601403,3277.00,3277.00,2003
514601404,3277.00,3277.00,2003
514601405,3277.00,3277.00,2003
514601406,3277.00,3277.00,2003
514601407,3277.00,3277.00,2003
514601408,3277.00,3277.00,2003
514601401,3277.00,3277.00,2003
514601402,3277.00,3277.00,2003
514601403,3277.00,3277.00,2003
514601404,3277.00,3277.00,2003
514601405,3277.00,3277.00,2003
514601406,3277.00,3277.00,2003
514601407,3277.00,3277.00,2003
514601408,3277.00,3277.00,2003
514601401,3277.00,3277.00,2003
514601402,3277.00,3277.00,2003
514601403,3277.00,3277.00,2003
514601404,3277.00,3277.00,2003
514601405,3277.00,3277.00,2003
514601406,3277.00,3277.00,2003
514601407,3277.00,3277.00,2003
514601408,3277.00,3277.00,2003
514601401,3277.00,3277.00,2003
514601402,3277.00,3277.00,2003
514601403,3277.00,3277.00,2003
514601404,3277.00,3277.00,2003
514601405,3277.00,3277.00,2003
514601406,3277.00,3277.00,2003
514601407,3277.00,3277.00,2003
514601408,3277.00,3277.00,2003
514601401,3277.00,3277.00,2003
514601402,3277.00,3277.00,2003
514601403,3277.00,3277.00,2003
514601404,3277.00,3277.00,2003
514601405,3277.00,3277.00,2003
514601406,3277.00,3277.00,2003
514601407,3277.00,3277.00,2003
514601408,3277.00,3277.00,2003
514601401,3277.00,3277.00,2003
514601402,3277.00,3277.00,2003
514601403,3277.00,3277.00,2003
514601404,3277.00,3277.00,2003
514601405,3277.00,3277.00,2003
514601406,3277.00,3277.00,2003
514601407,3277.00,3277.00,2003
514601408,3277.00,3277.00,2003
514601401,3277.00,3277.00,2003
514601402,3277.00,3277.00,2003
514601403,3277.00,3277.00,2003
514601404,3277.00,3277.00,2003
514601405,3277.00,3277.00,2003
514601406,3277.00,3277.00,2003
514601407,3277.00,3277.00,2003
514601408,3277.00,3277.00,2003
514601401,3277.00,3277.00,2003
514601402,3277.00,3277.00,2003
514601403,3277.00,3277.00,2003
514601404,3277.00,3277.00,2003
514601405,3277.00,3277.00,2003
514601406,3277.00,3277.00,2003
514601407,3277.00,3277.00,2003
514601408,3277.00,3277.00,2003
514601401,3277.00,3277.00,2003
514601402,3277.00,3277.00,2003
514601403,3277.00,3277.00,2003
514601404,3277.00,3277.00,2003
514601405,3277.00,3277.00,2003
514601406,3277.00,3277.00,2003
514601407,3277.00,3277.00,2003
514601408,3277.00,3277.00,2003
514601401,3277.00,3277.00,2003
514601402,3277.00,3277.00,2003
514601403,3277.00,3277.00,2003
514601404,3277.00,3277.00,2003
514601405,3277.00,3277.00,2003
514601406,3277.00,3277.00,2003
514601407,3277.00,3277.00,2003
514601408,3277.00,3277.00,2003
514601401,3277.00,3277.00,2003
514601402,3277.00,3277.00,2003
514601403,3277.00,3277.00,2003
